5.1959  5.0087  1
7.761   6.8182  1
5.0307  6.3712  1
8.384   5.7512  1
8.0534  7.3034  1
7.3702  5.2862  1
5.4186  6.4854  1
7.2169  5.727   1
6.1977  7.5923  1
9.2774  5.3917  1
9.8466  7.4461  1
6.425   4.9159  1
6.8277  4.7977  1
7.4832  5.3599  1
5.0118  4.3194  1
5.4612  6.684   1
8.3515  5.6406  1
6.2079  7.4733  1
5.8498  5.639   1
8.8311  6.2374  1
8.0317  7.7025  1
9.1127  5.1733  1
9.9654  4.3082  1
7.2002  6.9724  1
9.3792  7.0149  1
6.0478  6.0701  1
5.5723  4.8494  1
7.4442  7.6772  1
9.6274  6.0662  1
7.9718  4.9973  1
8.8986  7.3918  1
7.912   7.2275  1
8.8705  7.1184  1
6.9386  6.2566  1
8.2641  5.7891  1
6.4205  6.4135  1
8.6953  4.7231  1
9.2933  7.1891  1
8.2887  6.2561  1
9.7525  7.5416  1
9.3912  4.3267  1
6.4747  4.2167  1
8.9362  5.9164  1
9.6739  5.4502  1
6.0683  6.8578  1
9.0675  7.4924  1
5.3526  7.6507  1
6.7438  4.58    1
5.2673  4.1842  1
5.9979  7.3014  1
-0.4361 -3.0449 0
2.5468  -1.3889 0
2.9133  1.0008  0
0.6152  -3.4708 0
-0.6177 -2.5423 0
0.8606  0.8196  0
0.2364  -0.4506 0
1.3037  -2.3463 0
1.3487  1.6522  0
1.7312  -1.2578 0
-0.5134 -1.3165 0
2.0564  -3.6267 0
0.3647  0.6668  0
0.4159  -3.0042 0
-0.4971 -3.3899 0
1.6345  -1.6888 0
1.1522  -2.0901 0
1.4798  0.5001  0
2.896   -1.7569 0
-0.9632 -2.4414 0
2.0118  -1.6442 0
0.5669  -2.2429 0
2.2704  -3.713  0
1.3777  -1.0424 0
0.5764  -3.6151 0
-0.4863 -1.0597 0
-0.3    1.9787  0
2.4896  0.9864  0
2.3233  -1.238  0
-0.1796 0.7539  0
0.7202  0.8247  0
1.7669  -2.0428 0
1.6141  0.8402  0
0.4953  -2.478  0
1.1042  -1.8322 0
1.7649  1.7383  0
2.0235  -2.4243 0
-0.7119 -2.5294 0
1.6885  -3.0791 0
0.0714  0.7099  0
-0.273  -1.5614 0
1.3279  -1.3385 0
-0.4877 -2.6975 0
-0.0353 -2.833  0
2.7099  -1.1923 0
0.1809  0.5404  0
0.538   1.9113  0
1.3754  1.8778  0
-0.4351 -0.0669 0
1.3449  -3.4409 0
